11011000100010101111011101010110111011101
1101000100110010010110000100010
01100110111101101101110100001
00110101000110010110010000
01101010010001011101000
1000110110111010111010101111001011011110011111011011000100000
0010011011101000000000000000101101010
0111100111111110111111000011000111111111011
11110011111111111000001111111001111000111111100
100010001111110000011111100001100110001000000000011 
11110111111101100111111111100001111110001111111000100
01111111110000111111111100001000001111000111111100000110000